114
NULL 0 Common 0
Joined 7 0,255,0,255,0,0,0,0,0,0 Latin 1 0 1 Joined	# Joined [4a 6f 69 6e 65 64 ]a
|Broken|0|1 f 0,255,0,255,0,0,0,0,0,0 Common 2 10 2 |Broken|0|1	# Broken
d 3 0,255,0,255,0,0,0,0,0,0 Latin 26 0 3 d	# d [64 ]a
i 3 0,255,0,255,0,0,0,0,0,0 Latin 54 0 4 i	# i [69 ]a
f 3 0,255,0,255,0,0,0,0,0,0 Latin 52 0 5 f	# f [66 ]a
e 3 0,255,0,255,0,0,0,0,0,0 Latin 57 0 6 e	# e [65 ]a
r 3 0,255,0,255,0,0,0,0,0,0 Latin 53 0 7 r	# r [72 ]a
n 3 0,255,0,255,0,0,0,0,0,0 Latin 10 0 8 n	# n [6e ]a
t 3 0,255,0,255,0,0,0,0,0,0 Latin 21 0 9 t	# t [74 ]a
N 5 0,255,0,255,0,0,0,0,0,0 Latin 8 0 10 N	# N [4e ]A
w 3 0,255,0,255,0,0,0,0,0,0 Latin 74 0 11 w	# w [77 ]a
A 5 0,255,0,255,0,0,0,0,0,0 Latin 17 0 12 A	# A [41 ]A
c 3 0,255,0,255,0,0,0,0,0,0 Latin 27 0 13 c	# c [63 ]a
l 3 0,255,0,255,0,0,0,0,0,0 Latin 68 0 14 l	# l [6c ]a
s 3 0,255,0,255,0,0,0,0,0,0 Latin 23 0 15 s	# s [73 ]a
p 3 0,255,0,255,0,0,0,0,0,0 Latin 40 0 16 p	# p [70 ]a
a 3 0,255,0,255,0,0,0,0,0,0 Latin 12 0 17 a	# a [61 ]a
g 3 0,255,0,255,0,0,0,0,0,0 Latin 92 0 18 g	# g [67 ]a
2 8 0,255,0,255,0,0,0,0,0,0 Common 19 2 19 2	# 2 [32 ]0
3 8 0,255,0,255,0,0,0,0,0,0 Common 20 2 20 3	# 3 [33 ]0
T 5 0,255,0,255,0,0,0,0,0,0 Latin 9 0 21 T	# T [54 ]A
o 3 0,255,0,255,0,0,0,0,0,0 Latin 42 0 22 o	# o [6f ]a
S 5 0,255,0,255,0,0,0,0,0,0 Latin 15 0 23 S	# S [53 ]A
v 3 0,255,0,255,0,0,0,0,0,0 Latin 97 0 24 v	# v [76 ]a
~ 0 0,255,0,255,0,0,0,0,0,0 Common 25 10 25 ~	# ~ [7e ]
D 5 0,255,0,255,0,0,0,0,0,0 Latin 3 0 26 D	# D [44 ]A
C 5 0,255,0,255,0,0,0,0,0,0 Latin 13 0 27 C	# C [43 ]A
h 3 0,255,0,255,0,0,0,0,0,0 Latin 41 0 28 h	# h [68 ]a
' 10 0,255,0,255,0,0,0,0,0,0 Common 29 10 29 '	# ' [27 ]p
7 8 0,255,0,255,0,0,0,0,0,0 Common 30 2 30 7	# 7 [37 ]0
« 10 0,255,0,255,0,0,0,0,0,0 Common 31 10 72 «	# « [ab ]p
: 10 0,255,0,255,0,0,0,0,0,0 Common 32 6 32 :	# : [3a ]p
# 10 0,255,0,255,0,0,0,0,0,0 Common 33 4 33 #	# # [23 ]p
1 8 0,255,0,255,0,0,0,0,0,0 Common 34 2 34 1	# 1 [31 ]0
Z 5 0,255,0,255,0,0,0,0,0,0 Latin 99 0 35 Z	# Z [5a ]A
_ 10 0,255,0,255,0,0,0,0,0,0 Common 36 10 36 _	# _ [5f ]p
M 5 0,255,0,255,0,0,0,0,0,0 Latin 39 0 37 M	# M [4d ]A
u 3 0,255,0,255,0,0,0,0,0,0 Latin 48 0 38 u	# u [75 ]a
m 3 0,255,0,255,0,0,0,0,0,0 Latin 37 0 39 m	# m [6d ]a
P 5 0,255,0,255,0,0,0,0,0,0 Latin 16 0 40 P	# P [50 ]A
H 5 0,255,0,255,0,0,0,0,0,0 Latin 28 0 41 H	# H [48 ]A
O 5 0,255,0,255,0,0,0,0,0,0 Latin 22 0 42 O	# O [4f ]A
( 10 0,255,0,255,0,0,0,0,0,0 Common 43 10 44 (	# ( [28 ]p
) 10 0,255,0,255,0,0,0,0,0,0 Common 44 10 43 )	# ) [29 ]p
q 3 0,255,0,255,0,0,0,0,0,0 Latin 90 0 45 q	# q [71 ]a
y 3 0,255,0,255,0,0,0,0,0,0 Latin 84 0 46 y	# y [79 ]a
| 0 0,255,0,255,0,0,0,0,0,0 Common 47 10 47 |	# | [7c ]
U 5 0,255,0,255,0,0,0,0,0,0 Latin 38 0 48 U	# U [55 ]A
0 8 0,255,0,255,0,0,0,0,0,0 Common 49 2 49 0	# 0 [30 ]0
% 10 0,255,0,255,0,0,0,0,0,0 Common 50 4 50 %	# % [25 ]p
x 3 0,255,0,255,0,0,0,0,0,0 Latin 108 0 51 x	# x [78 ]a
F 5 0,255,0,255,0,0,0,0,0,0 Latin 5 0 52 F	# F [46 ]A
R 5 0,255,0,255,0,0,0,0,0,0 Latin 7 0 53 R	# R [52 ]A
I 5 0,255,0,255,0,0,0,0,0,0 Latin 4 0 54 I	# I [49 ]A
, 10 0,255,0,255,0,0,0,0,0,0 Common 55 6 55 ,	# , [2c ]p
! 10 0,255,0,255,0,0,0,0,0,0 Common 56 10 56 !	# ! [21 ]p
E 5 0,255,0,255,0,0,0,0,0,0 Latin 6 0 57 E	# E [45 ]A
b 3 0,255,0,255,0,0,0,0,0,0 Latin 64 0 58 b	# b [62 ]a
\ 10 0,255,0,255,0,0,0,0,0,0 Common 59 10 59 \	# \ [5c ]p
8 8 0,255,0,255,0,0,0,0,0,0 Common 60 2 60 8	# 8 [38 ]0
? 10 0,255,0,255,0,0,0,0,0,0 Common 61 10 61 ?	# ? [3f ]p
& 10 0,255,0,255,0,0,0,0,0,0 Common 62 10 62 &	# & [26 ]p
; 10 0,255,0,255,0,0,0,0,0,0 Common 63 10 63 ;	# ; [3b ]p
B 5 0,255,0,255,0,0,0,0,0,0 Latin 58 0 64 B	# B [42 ]A
k 3 0,255,0,255,0,0,0,0,0,0 Latin 95 0 65 k	# k [6b ]a
- 10 0,255,0,255,0,0,0,0,0,0 Common 66 3 66 -	# - [2d ]p
> 0 0,255,0,255,0,0,0,0,0,0 Common 67 10 103 >	# > [3e ]
L 5 0,255,0,255,0,0,0,0,0,0 Latin 14 0 68 L	# L [4c ]A
. 10 0,255,0,255,0,0,0,0,0,0 Common 69 6 69 .	# . [2e ]p
— 10 0,255,0,255,0,0,0,0,0,0 Common 70 10 70 -	# — [2014 ]p
4 8 0,255,0,255,0,0,0,0,0,0 Common 71 2 71 4	# 4 [34 ]0
» 10 0,255,0,255,0,0,0,0,0,0 Common 72 10 31 »	# » [bb ]p
€ 0 0,255,0,255,0,0,0,0,0,0 Common 73 4 73 €	# € [20ac ]
W 5 0,255,0,255,0,0,0,0,0,0 Latin 11 0 74 W	# W [57 ]A
J 5 0,255,0,255,0,0,0,0,0,0 Latin 106 0 75 J	# J [4a ]A
é 3 0,255,0,255,0,0,0,0,0,0 Latin 76 0 76 é	# é [e9 ]a
9 8 0,255,0,255,0,0,0,0,0,0 Common 77 2 77 9	# 9 [39 ]0
ﬂ 3 0,255,0,255,0,0,0,0,0,0 Latin 78 0 78 fl	# ﬂ [fb02 ]a
® 0 0,255,0,255,0,0,0,0,0,0 Common 79 10 79 ®	# ® [ae ]
$ 0 0,255,0,255,0,0,0,0,0,0 Common 80 4 80 $	# $ [24 ]
5 8 0,255,0,255,0,0,0,0,0,0 Common 81 2 81 5	# 5 [35 ]0
} 10 0,255,0,255,0,0,0,0,0,0 Common 82 10 87 }	# } [7d ]p
[ 10 0,255,0,255,0,0,0,0,0,0 Common 83 10 109 [	# [ [5b ]p
Y 5 0,255,0,255,0,0,0,0,0,0 Latin 46 0 84 Y	# Y [59 ]A
§ 10 0,255,0,255,0,0,0,0,0,0 Common 85 10 85 §	# § [a7 ]p
" 10 0,255,0,255,0,0,0,0,0,0 Common 86 10 86 "	# " [22 ]p
{ 10 0,255,0,255,0,0,0,0,0,0 Common 87 10 82 {	# { [7b ]p
¢ 0 0,255,0,255,0,0,0,0,0,0 Common 88 4 88 ¢	# ¢ [a2 ]
/ 10 0,255,0,255,0,0,0,0,0,0 Common 89 6 89 /	# / [2f ]p
Q 5 0,255,0,255,0,0,0,0,0,0 Latin 45 0 90 Q	# Q [51 ]A
6 8 0,255,0,255,0,0,0,0,0,0 Common 91 2 91 6	# 6 [36 ]0
G 5 0,255,0,255,0,0,0,0,0,0 Latin 18 0 92 G	# G [47 ]A
” 10 0,255,0,255,0,0,0,0,0,0 Common 93 10 93 "	# ” [201d ]p
° 0 0,255,0,255,0,0,0,0,0,0 Common 94 4 94 °	# ° [b0 ]
K 5 0,255,0,255,0,0,0,0,0,0 Latin 65 0 95 K	# K [4b ]A
¥ 0 0,255,0,255,0,0,0,0,0,0 Common 96 4 96 ¥	# ¥ [a5 ]
V 5 0,255,0,255,0,0,0,0,0,0 Latin 24 0 97 V	# V [56 ]A
© 0 0,255,0,255,0,0,0,0,0,0 Common 98 10 98 ©	# © [a9 ]
z 3 0,255,0,255,0,0,0,0,0,0 Latin 35 0 99 z	# z [7a ]a
+ 0 0,255,0,255,0,0,0,0,0,0 Common 100 3 100 +	# + [2b ]
= 0 0,255,0,255,0,0,0,0,0,0 Common 101 10 101 =	# = [3d ]
£ 0 0,255,0,255,0,0,0,0,0,0 Common 102 4 102 £	# £ [a3 ]
< 0 0,255,0,255,0,0,0,0,0,0 Common 103 10 67 <	# < [3c ]
’ 10 0,255,0,255,0,0,0,0,0,0 Common 104 10 104 '	# ’ [2019 ]p
‘ 10 0,255,0,255,0,0,0,0,0,0 Common 105 10 105 '	# ‘ [2018 ]p
j 3 0,255,0,255,0,0,0,0,0,0 Latin 75 0 106 j	# j [6a ]a
ﬁ 3 0,255,0,255,0,0,0,0,0,0 Latin 107 0 107 fi	# ﬁ [fb01 ]a
X 5 0,255,0,255,0,0,0,0,0,0 Latin 51 0 108 X	# X [58 ]A
] 10 0,255,0,255,0,0,0,0,0,0 Common 109 10 83 ]	# ] [5d ]p
* 10 0,255,0,255,0,0,0,0,0,0 Common 110 10 110 *	# * [2a ]p
“ 10 0,255,0,255,0,0,0,0,0,0 Common 111 10 111 "	# “ [201c ]p
@ 10 0,255,0,255,0,0,0,0,0,0 Common 112 10 112 @	# @ [40 ]p
` 0 0,255,0,255,0,0,0,0,0,0 Common 113 10 113 '	# ` [60 ]
